900000000000526001
1539003
1204474000
86299006
430983003
608785007
370049004
370050004
174826008
11687002
897148007
816080008
303248007
162980001
297250002
162001003
281302008
281300000
281301001
268677005
155728006
74400008
155729003
307530000
116676008
1166800031
128045006
1280450061
20946005
28012007
363698007
3636980071
447139008
52687003
56459004
564590041
64572001
6990005
<<128241005
<<10200004
<<364159005
<<227014008
<<249565005
<<406459008
<<776168003
<<776168003
<<309399009
<<421813008
<<441802002
<<119383005
